0 0 1000 1000 0
4.03927 3.99299 1002 999 0.1
8.1468 7.97082 1004 998 0.2
12.3106 11.9331 1006 997 0.3
16.5214 15.8804 1008 996 0.4
20.772 19.8138 1010 995 0.5
25.0566 23.7345 1012 994 0.6
29.3709 27.644 1014 993 0.7
33.7114 31.5438 1016 992 0.8
38.0754 35.4351 1018 991 0.9
42.4605 39.3191 1020 990 1
46.8652 43.1971 1022 989 1.1
51.2879 47.0699 1024 988 1.2
55.7275 50.9383 1026 987 1.3
60.1832 54.8033 1028 986 1.4
64.6542 58.6654 1030 985 1.5
69.1399 62.5251 1032 984 1.6
73.6399 66.3829 1034 983 1.7
78.1537 70.2392 1036 982 1.8
82.6811 74.0944 1038 981 1.9
87.2218 77.9487 1040 980 2
91.7757 81.8023 1042 979 2.1
96.3425 85.6555 1044 978 2.2
100.922 89.5084 1046 977 2.3
105.515 93.3612 1048 976 2.4
110.12 97.2139 1050 975 2.5
114.738 101.067 1052 974 2.6
119.369 104.92 1054 973 2.7
124.012 108.773 1056 972 2.8
128.668 112.626 1058 971 2.9
133.337 116.479 1060 970 3
138.018 120.333 1062 969 3.1
142.712 124.187 1064 968 3.2
147.419 128.042 1066 967 3.3
152.139 131.896 1068 966 3.4
156.871 135.751 1070 965 3.5
161.617 139.607 1072 964 3.6
166.375 143.462 1074 963 3.7
171.147 147.318 1076 962 3.8
175.931 151.174 1078 961 3.9
180.729 155.031 1080 960 4
185.54 158.887 1082 959 4.1
190.364 162.744 1084 958 4.2
195.201 166.601 1086 957 4.3
200.052 170.459 1088 956 4.4
204.916 174.316 1090 955 4.5
209.794 178.174 1092 954 4.6
214.685 182.031 1094 953 4.7
219.59 185.889 1096 952 4.8
224.509 189.747 1098 951 4.9
229.441 193.605 1100 950 5
234.388 197.463 1102 949 5.1
239.348 201.321 1104 948 5.2
244.322 205.179 1106 947 5.3
249.31 209.037 1108 946 5.4
254.313 212.895 1110 945 5.5
259.329 216.752 1112 944 5.6
264.36 220.61 1114 943 5.7
269.405 224.467 1116 942 5.8
274.465 228.324 1118 941 5.9
279.539 232.181 1120 940 6
284.628 236.038 1122 939 6.1
289.732 239.894 1124 938 6.2
294.85 243.75 1126 937 6.3
299.983 247.606 1128 936 6.4
305.131 251.461 1130 935 6.5
310.294 255.316 1132 934 6.6
315.472 259.17 1134 933 6.7
320.666 263.024 1136 932 6.8
325.874 266.877 1138 931 6.9
331.098 270.729 1140 930 7
336.337 274.581 1142 929 7.1
341.592 278.433 1144 928 7.2
346.863 282.283 1146 927 7.3
352.149 286.133 1148 926 7.4
357.451 289.982 1150 925 7.5
362.768 293.83 1152 924 7.6
368.102 297.678 1154 923 7.7
373.452 301.524 1156 922 7.8
378.818 305.37 1158 921 7.9
384.2 309.214 1160 920 8
389.598 313.057 1162 919 8.1
395.013 316.9 1164 918 8.2
400.445 320.741 1166 917 8.3
405.893 324.581 1168 916 8.4
411.358 328.419 1170 915 8.5
416.839 332.257 1172 914 8.6
422.338 336.093 1174 913 8.7
427.853 339.927 1176 912 8.8
433.386 343.76 1178 911 8.9
438.936 347.592 1180 910 9
444.503 351.422 1182 909 9.1
450.088 355.25 1184 908 9.2
455.69 359.077 1186 907 9.3
461.31 362.902 1188 906 9.4
466.948 366.725 1190 905 9.5
472.603 370.546 1192 904 9.6
478.277 374.365 1194 903 9.7
483.968 378.183 1196 902 9.8
489.678 381.998 1198 901 9.9
495.406 385.811 1200 900 10
501.153 389.622 1202 899 10.1
506.918 393.43 1204 898 10.2
512.702 397.237 1206 897 10.3
518.505 401.04 1208 896 10.4
524.326 404.842 1210 895 10.5
530.167 408.64 1212 894 10.6
536.027 412.437 1214 893 10.7
541.906 416.23 1216 892 10.8
547.804 420.02 1218 891 10.9
553.722 423.808 1220 890 11
559.66 427.593 1222 889 11.1
565.618 431.374 1224 888 11.2
571.595 435.153 1226 887 11.3
577.593 438.928 1228 886 11.4
583.61 442.7 1230 885 11.5
589.649 446.468 1232 884 11.6
595.707 450.233 1234 883 11.7
601.786 453.995 1236 882 11.8
607.886 457.752 1238 881 11.9
614.007 461.506 1240 880 12
620.149 465.256 1242 879 12.1
626.313 469.002 1244 878 12.2
632.497 472.743 1246 877 12.3
638.703 476.481 1248 876 12.4
644.931 480.214 1250 875 12.5
651.181 483.942 1252 874 12.6
657.452 487.666 1254 873 12.7
663.746 491.385 1256 872 12.8
670.062 495.1 1258 871 12.9
676.4 498.809 1260 870 13
682.761 502.513 1262 869 13.1
689.145 506.212 1264 868 13.2
695.552 509.905 1266 867 13.3
701.982 513.593 1268 866 13.4
708.435 517.276 1270 865 13.5
714.912 520.952 1272 864 13.6
721.412 524.623 1274 863 13.7
727.936 528.287 1276 862 13.8
734.484 531.945 1278 861 13.9
741.056 535.596 1280 860 14
747.653 539.241 1282 859 14.1
754.275 542.879 1284 858 14.2
760.921 546.51 1286 857 14.3
767.592 550.134 1288 856 14.4
774.288 553.75 1290 855 14.5
781.009 557.359 1292 854 14.6
787.756 560.96 1294 853 14.7
794.529 564.553 1296 852 14.8
801.328 568.138 1298 851 14.9
808.153 571.715 1300 850 15
815.005 575.283 1302 849 15.1
821.883 578.842 1304 848 15.2
828.788 582.392 1306 847 15.3
835.719 585.932 1308 846 15.4
842.679 589.464 1310 845 15.5
849.665 592.985 1312 844 15.6
856.68 596.496 1314 843 15.7
863.722 599.997 1316 842 15.8
870.793 603.487 1318 841 15.9
877.892 606.966 1320 840 16
885.02 610.434 1322 839 16.1
892.177 613.89 1324 838 16.2
899.363 617.335 1326 837 16.3
906.579 620.767 1328 836 16.4
913.824 624.187 1330 835 16.5
921.099 627.594 1332 834 16.6
928.405 630.987 1334 833 16.7
935.741 634.367 1336 832 16.8
943.108 637.733 1338 831 16.9
950.506 641.085 1340 830 17
957.936 644.422 1342 829 17.1
965.397 647.744 1344 828 17.2
972.89 651.049 1346 827 17.3
980.416 654.339 1348 826 17.4
987.974 657.612 1350 825 17.5
995.565 660.868 1352 824 17.6
1003.19 664.107 1354 823 17.7
1010.85 667.327 1356 822 17.8
1018.54 670.528 1358 821 17.9
1026.27 673.71 1360 820 18
1034.03 676.873 1362 819 18.1
1041.82 680.014 1364 818 18.2
1049.65 683.135 1366 817 18.3
1057.52 686.233 1368 816 18.4
1065.42 689.309 1370 815 18.5
1073.36 692.362 1372 814 18.6
1081.34 695.391 1374 813 18.7
1089.35 698.395 1376 812 18.8
1097.4 701.373 1378 811 18.9
1105.49 704.324 1380 810 19
1113.62 707.248 1382 809 19.1
1121.78 710.143 1384 808 19.2
1129.99 713.008 1386 807 19.3
1138.23 715.843 1388 806 19.4
1146.52 718.646 1390 805 19.5
1154.84 721.416 1392 804 19.6
1163.21 724.152 1394 803 19.7
1171.62 726.852 1396 802 19.8
1180.07 729.515 1398 801 19.9
1188.56 732.14 1400 800 20
1197.1 734.724 1402 799 20.1
1205.68 737.266 1404 798 20.2
1214.3 739.764 1406 797 20.3
1222.97 742.217 1408 796 20.4
1231.68 744.622 1410 795 20.5
1240.44 746.976 1412 794 20.6
1249.24 749.278 1414 793 20.7
1258.09 751.525 1416 792 20.8
1266.99 753.714 1418 791 20.9
1275.94 755.841 1420 790 21
1284.93 757.904 1422 789 21.1
1293.98 759.898 1424 788 21.2
1303.07 761.82 1426 787 21.3
1312.22 763.665 1428 786 21.4
1321.41 765.427 1430 785 21.5
1330.66 767.101 1432 784 21.6
1339.95 768.681 1434 783 21.7
1349.31 770.158 1436 782 21.8
1358.71 771.525 1438 781 21.9
1368.17 772.77 1440 780 22
1377.68 773.883 1442 779 22.1
1387.24 774.848 1444 778 22.2
1396.86 775.647 1446 777 22.3
1406.52 776.258 1448 776 22.4
1416.24 776.65 1450 775 22.5
1426 776.78 1452 774 22.6
1435.8 776.584 1454 773 22.7
1445.61 775.956 1456 772 22.8
1455.36 774.67 1458 771 22.9
1464.56 772.039 1460 770 23
1470.98 768.301 1462 769 23.1
1473.51 764.647 1464 768 23.2
